radix 1 1 1 1 1 1 1 1 1 1 1 1 1 1 1 1 1 1 1 1 1 1 1 1 1 1 1 1 1 1 1 1 1 1 1 1 1 1 1 1 1 1 1 1 1 1 1 1 1 1 1 1 1 1 1 1 1 1 1 1 1 1 1 1 1 1 1 1 1 1 1 1 1 1 1 1 1 1 1 1 1 1 1 1 1 1 1 1 1 1 1 1 1 1 1 1 1 1 1 1 1 1 1 1 1 1 1 1 1 1 1 1 1 1 1 1 1
io i i i i i i i i i i i i i i i i i i i i o o o o o o o o o o o o o o o o o o o o o o o o o o o o o o o o o o o o o o o o o o o o o o o o o o o o o o o o o o o o o o o o o o o o o o o o o o o o o o o o o o o o o o o o o o o o o o o o o
vname SenseEN ReadEN MLPRE_EN SLPRE_high SLPRE_low WE_CAM SearchEN WE_SRAM SRAM_WL_mode BLPRE_EN VID_IN<2> VID_IN<1> VID_IN<0> Val_IN<1> Val_IN<0> Pol_IN ADDR_IN<3> ADDR_IN<2> ADDR_IN<1> ADDR_IN<0> VID_OUT<2> VID_OUT<1> VID_OUT<0> Val_OUT<1> Val_OUT<0> Pol_OUT Q_Val<0> Q_Val<1> Q_Val<2> Q_Val<3> Q_Val<4> Q_Val<5> Q_Val<6> Q_Val<7> Q_Val<8> Q_Val<9> Q_Val<10> Q_Val<11> Q_Val<12> Q_Val<13> Q_Val<14> Q_Val<15> Q_Val<16> Q_Val<17> Q_Val<18> Q_Val<19> Q_Val<20> Q_Val<21> Q_Val<22> Q_Val<23> Q_Val<24> Q_Val<25> Q_Val<26> Q_Val<27> Q_Val<28> Q_Val<29> Q_Val<30> Q_Val<31> Q_Pol<0> Q_Pol<1> Q_Pol<2> Q_Pol<3> Q_Pol<4> Q_Pol<5> Q_Pol<6> Q_Pol<7> Q_Pol<8> Q_Pol<9> Q_Pol<10> Q_Pol<11> Q_Pol<12> Q_Pol<13> Q_Pol<14> Q_Pol<15> CONF<0> UP<0> DONE<0> LID<1> LID<0> CONF<1> UP<1> DONE<1> LID<3> LID<2> CONF<2> UP<2> DONE<2> LID<5> LID<4> CONF<3> UP<3> DONE<3> LID<7> LID<6> D_out<15> D_out<14> D_out<13> D_out<12> D_out<11> D_out<10> D_out<9> D_out<8> D_out<7> D_out<6> D_out<5> D_out<4> D_out<3> D_out<2> D_out<1> D_out<0> CONF_OUT UP_OUT DONE_OUT Lit_Pos<1> Lit_Pos<0> CID<1> CID<0>
tunit ns
trise 10
tfall 10

vih 1
vil 0
voh 0.77
vol 0.33
vth 0.55

chk_window -15 25 1

; write row=0 vid=6 val=0 pol=0
0 0 1 1 0 0 0 0 0 1 0 1 1 0 0 0 0 0 0 0 0 - - - - - - - - - - - - - - - - - - - - - - - - - - - - - - - - - - - - - - - - - - - - - - - - - - - - - - - - - - - - - - - - - - - - - - - - - - 0 0 0 0 0 0 0 0 0 0 0 0 0 0 0 1 - - - - - - -
25 0 1 1 1 0 0 1 0 1 1 1 1 0 0 0 0 0 0 0 0 - - - - - - - - - - - - - - - - - - - - - - - - - - - - - - - - - - - - - - - - - - - - - - - - - - - - - - - - - - - - - - - - - - - - - - - - - - 0 0 0 0 0 0 0 0 0 0 0 0 0 0 0 1 - - - - - - -
50 0 1 1 1 0 1 1 1 1 1 1 1 0 0 0 0 0 0 0 0 - - - - - - - - - - - - - - - - - - - - - - - - - - - - - - - - - - - - - - - - - - - - - - - - - - - - - - - - - - - - - - - - - - - - - - - - - - 0 0 0 0 0 0 0 0 0 0 0 0 0 0 0 1 - - - - - - -
75 0 1 1 1 0 0 0 0 1 1 1 1 0 0 0 0 0 0 0 0 - - - - - - 0 0 - - - - - - - - - - - - - - - - - - - - - - - - - - - - - - 0 - - - - - - - - - - - - - - - - - - - - - - - - - - - - - - - - - - - 0 0 0 0 0 0 0 0 0 0 0 0 0 0 0 1 - - - - - - -
100 0 0 0 0 0 0 0 0 0 0 0 0 0 0 0 0 0 0 0 0 - - - - - - 0 0 - - - - - - - - - - - - - - - - - - - - - - - - - - - - - - 0 - - - - - - - - - - - - - - - - - - - - - - - - - - - - - - - - - - - 0 0 0 0 0 0 0 0 0 0 0 0 0 0 0 1 - - - - - - -

; write row=1 vid=7 val=1 pol=1
160 0 1 1 0 0 0 0 0 1 0 1 1 1 1 1 1 0 0 0 1 - - - - - - 0 0 - - - - - - - - - - - - - - - - - - - - - - - - - - - - - - 0 - - - - - - - - - - - - - - - - - - - - - - - - - - - - - - - - - - - 0 0 0 0 0 0 0 0 0 0 0 0 0 0 1 0 - - - - - - -
185 0 1 1 1 0 0 1 0 1 1 1 1 1 1 1 1 0 0 0 1 - - - - - - 0 0 - - - - - - - - - - - - - - - - - - - - - - - - - - - - - - 0 - - - - - - - - - - - - - - - - - - - - - - - - - - - - - - - - - - - 0 0 0 0 0 0 0 0 0 0 0 0 0 0 1 0 - - - - - - -
210 0 1 1 1 0 1 1 1 1 1 1 1 1 1 1 1 0 0 0 1 - - - - - - - - - - - - - - - - - - - - - - - - - - - - - - - - - - - - - - - - - - - - - - - - - - - - - - - - - - - - - - - - - - - - - - - - - - 0 0 0 0 0 0 0 0 0 0 0 0 0 0 1 0 - - - - - - -
235 0 1 1 1 0 0 0 0 1 1 1 1 1 1 1 1 0 0 0 1 - - - - - - 0 0 1 1 - - - - - - - - - - - - - - - - - - - - - - - - - - - - 0 1 - - - - - - - - - - - - - - - - - - - - - - - - - - - - - - - - - - 0 0 0 0 0 0 0 0 0 0 0 0 0 0 1 0 - - - - - - -
260 0 0 0 0 0 0 0 0 0 0 0 0 0 0 0 0 0 0 0 0 - - - - - - 0 0 1 1 - - - - - - - - - - - - - - - - - - - - - - - - - - - - 0 1 - - - - - - - - - - - - - - - - - - - - - - - - - - - - - - - - - - 0 0 0 0 0 0 0 0 0 0 0 0 0 0 0 1 - - - - - - -

; write row=2 vid=5 val=1 pol=1
320 0 1 1 0 0 0 0 0 1 0 1 0 1 1 1 1 0 0 1 0 - - - - - - 0 0 1 1 - - - - - - - - - - - - - - - - - - - - - - - - - - - - 0 1 - - - - - - - - - - - - - - - - - - - - - - - - - - - - - - - - - - 0 0 0 0 0 0 0 0 0 0 0 0 0 1 0 0 - - - - - - -
345 0 1 1 1 0 0 1 0 1 1 1 0 1 1 1 1 0 0 1 0 - - - - - - 0 0 1 1 - - - - - - - - - - - - - - - - - - - - - - - - - - - - 0 1 - - - - - - - - - - - - - - - - - - - - - - - - - - - - - - - - - - 0 0 0 0 0 0 0 0 0 0 0 0 0 1 0 0 - - - - - - -
370 0 1 1 1 0 1 1 1 1 1 1 0 1 1 1 1 0 0 1 0 - - - - - - - - - - - - - - - - - - - - - - - - - - - - - - - - - - - - - - - - - - - - - - - - - - - - - - - - - - - - - - - - - - - - - - - - - - 0 0 0 0 0 0 0 0 0 0 0 0 0 1 0 0 - - - - - - -
395 0 1 1 1 0 0 0 0 1 1 1 0 1 1 1 1 0 0 1 0 - - - - - - 0 0 1 1 1 1 - - - - - - - - - - - - - - - - - - - - - - - - - - 0 1 1 - - - - - - - - - - - - - - - - - - - - - - - - - - - - - - - - - 0 0 0 0 0 0 0 0 0 0 0 0 0 1 0 0 - - - - - - -
420 0 0 0 0 0 0 0 0 0 0 0 0 0 0 0 0 0 0 0 0 - - - - - - 0 0 1 1 1 1 - - - - - - - - - - - - - - - - - - - - - - - - - - 0 1 1 - - - - - - - - - - - - - - - - - - - - - - - - - - - - - - - - - 0 0 0 0 0 0 0 0 0 0 0 0 0 0 0 1 - - - - - - -

; write row=3 vid=3 val=0 pol=0
480 0 1 1 0 0 0 0 0 1 0 0 1 1 0 0 0 0 0 1 1 - - - - - - 0 0 1 1 1 1 - - - - - - - - - - - - - - - - - - - - - - - - - - 0 1 1 - - - - - - - - - - - - - - - - - - - - - - - - - - - - - - - - - 0 0 0 0 0 0 0 0 0 0 0 0 1 0 0 0 - - - - - - -
505 0 1 1 1 0 0 1 0 1 1 0 1 1 0 0 0 0 0 1 1 - - - - - - 0 0 1 1 1 1 - - - - - - - - - - - - - - - - - - - - - - - - - - 0 1 1 - - - - - - - - - - - - - - - - - - - - - - - - - - - - - - - - - 0 0 0 0 0 0 0 0 0 0 0 0 1 0 0 0 - - - - - - -
530 0 1 1 1 0 1 1 1 1 1 0 1 1 0 0 0 0 0 1 1 - - - - - - - - - - - - - - - - - - - - - - - - - - - - - - - - - - - - - - - - - - - - - - - - - - - - - - - - - - - - - - - - - - - - - - - - - - 0 0 0 0 0 0 0 0 0 0 0 0 1 0 0 0 - - - - - - -
555 0 1 1 1 0 0 0 0 1 1 0 1 1 0 0 0 0 0 1 1 - - - - - - 0 0 1 1 1 1 0 0 - - - - - - - - - - - - - - - - - - - - - - - - 0 1 1 0 - - - - - - - - - - - - 1 0 0 0 0 - - - - - - - - - - - - - - - 0 0 0 0 0 0 0 0 0 0 0 0 1 0 0 0 - - - - - - -
580 0 0 0 0 0 0 0 0 0 0 0 0 0 0 0 0 0 0 0 0 - - - - - - 0 0 1 1 1 1 0 0 - - - - - - - - - - - - - - - - - - - - - - - - 0 1 1 0 - - - - - - - - - - - - 1 0 0 0 0 - - - - - - - - - - - - - - - 0 0 0 0 0 0 0 0 0 0 0 0 0 0 0 1 - - - - - - -

; write row=4 vid=1 val=0 pol=1
640 0 1 1 0 0 0 0 0 1 0 0 0 1 0 0 1 0 1 0 0 - - - - - - 0 0 1 1 1 1 0 0 - - - - - - - - - - - - - - - - - - - - - - - - 0 1 1 0 - - - - - - - - - - - - 1 0 0 0 0 - - - - - - - - - - - - - - - 0 0 0 0 0 0 0 0 0 0 0 1 0 0 0 0 - - - - - - -
665 0 1 1 1 0 0 1 0 1 1 0 0 1 0 0 1 0 1 0 0 - - - - - - 0 0 1 1 1 1 0 0 - - - - - - - - - - - - - - - - - - - - - - - - 0 1 1 0 - - - - - - - - - - - - 1 0 0 0 0 - - - - - - - - - - - - - - - 0 0 0 0 0 0 0 0 0 0 0 1 0 0 0 0 - - - - - - -
690 0 1 1 1 0 1 1 1 1 1 0 0 1 0 0 1 0 1 0 0 - - - - - - - - - - - - - - - - - - - - - - - - - - - - - - - - - - - - - - - - - - - - - - - - - - - - - - - - - - - - - - - - - - - - - - - - - - 0 0 0 0 0 0 0 0 0 0 0 1 0 0 0 0 - - - - - - -
715 0 1 1 1 0 0 0 0 1 1 0 0 1 0 0 1 0 1 0 0 - - - - - - 0 0 1 1 1 1 0 0 0 0 - - - - - - - - - - - - - - - - - - - - - - 0 1 1 0 1 - - - - - - - - - - - 1 0 0 0 0 - - - - - - - - - - - - - - - 0 0 0 0 0 0 0 0 0 0 0 1 0 0 0 0 - - - - - - -
740 0 0 0 0 0 0 0 0 0 0 0 0 0 0 0 0 0 0 0 0 - - - - - - 0 0 1 1 1 1 0 0 0 0 - - - - - - - - - - - - - - - - - - - - - - 0 1 1 0 1 - - - - - - - - - - - 1 0 0 0 0 - - - - - - - - - - - - - - - 0 0 0 0 0 0 0 0 0 0 0 0 0 0 0 1 - - - - - - -

; write row=5 vid=5 val=0 pol=0
800 0 1 1 0 0 0 0 0 1 0 1 0 1 0 0 0 0 1 0 1 - - - - - - 0 0 1 1 1 1 0 0 0 0 - - - - - - - - - - - - - - - - - - - - - - 0 1 1 0 1 - - - - - - - - - - - 1 0 0 0 0 - - - - - - - - - - - - - - - 0 0 0 0 0 0 0 0 0 0 1 0 0 0 0 0 - - - - - - -
825 0 1 1 1 0 0 1 0 1 1 1 0 1 0 0 0 0 1 0 1 - - - - - - 0 0 1 1 1 1 0 0 0 0 - - - - - - - - - - - - - - - - - - - - - - 0 1 1 0 1 - - - - - - - - - - - 1 0 0 0 0 - - - - - - - - - - - - - - - 0 0 0 0 0 0 0 0 0 0 1 0 0 0 0 0 - - - - - - -
850 0 1 1 1 0 1 1 1 1 1 1 0 1 0 0 0 0 1 0 1 - - - - - - - - - - - - - - - - - - - - - - - - - - - - - - - - - - - - - - - - - - - - - - - - - - - - - - - - - - - - - - - - - - - - - - - - - - 0 0 0 0 0 0 0 0 0 0 1 0 0 0 0 0 - - - - - - -
875 0 1 1 1 0 0 0 0 1 1 1 0 1 0 0 0 0 1 0 1 - - - - - - 0 0 1 1 1 1 0 0 0 0 0 0 - - - - - - - - - - - - - - - - - - - - 0 1 1 0 1 0 - - - - - - - - - - 1 0 0 0 0 - - - - - - - - - - - - - - - 0 0 0 0 0 0 0 0 0 0 1 0 0 0 0 0 - - - - - - -
900 0 0 0 0 0 0 0 0 0 0 0 0 0 0 0 0 0 0 0 0 - - - - - - 0 0 1 1 1 1 0 0 0 0 0 0 - - - - - - - - - - - - - - - - - - - - 0 1 1 0 1 0 - - - - - - - - - - 1 0 0 0 0 - - - - - - - - - - - - - - - 0 0 0 0 0 0 0 0 0 0 0 0 0 0 0 1 - - - - - - -

; write row=6 vid=4 val=1 pol=0
960 0 1 1 0 0 0 0 0 1 0 1 0 0 1 1 0 0 1 1 0 - - - - - - 0 0 1 1 1 1 0 0 0 0 0 0 - - - - - - - - - - - - - - - - - - - - 0 1 1 0 1 0 - - - - - - - - - - 1 0 0 0 0 - - - - - - - - - - - - - - - 0 0 0 0 0 0 0 0 0 1 0 0 0 0 0 0 - - - - - - -
985 0 1 1 1 0 0 1 0 1 1 1 0 0 1 1 0 0 1 1 0 - - - - - - 0 0 1 1 1 1 0 0 0 0 0 0 - - - - - - - - - - - - - - - - - - - - 0 1 1 0 1 0 - - - - - - - - - - 1 0 0 0 0 - - - - - - - - - - - - - - - 0 0 0 0 0 0 0 0 0 1 0 0 0 0 0 0 - - - - - - -
1010 0 1 1 1 0 1 1 1 1 1 1 0 0 1 1 0 0 1 1 0 - - - - - - - - - - - - - - - - - - - - - - - - - - - - - - - - - - - - - - - - - - - - - - - - - - - - - - - - - - - - - - - - - - - - - - - - - - 0 0 0 0 0 0 0 0 0 1 0 0 0 0 0 0 - - - - - - -
1035 0 1 1 1 0 0 0 0 1 1 1 0 0 1 1 0 0 1 1 0 - - - - - - 0 0 1 1 1 1 0 0 0 0 0 0 1 1 - - - - - - - - - - - - - - - - - - 0 1 1 0 1 0 0 - - - - - - - - - 1 0 0 0 0 - - - - - - - - - - - - - - - 0 0 0 0 0 0 0 0 0 1 0 0 0 0 0 0 - - - - - - -
1060 0 0 0 0 0 0 0 0 0 0 0 0 0 0 0 0 0 0 0 0 - - - - - - 0 0 1 1 1 1 0 0 0 0 0 0 1 1 - - - - - - - - - - - - - - - - - - 0 1 1 0 1 0 0 - - - - - - - - - 1 0 0 0 0 - - - - - - - - - - - - - - - 0 0 0 0 0 0 0 0 0 0 0 0 0 0 0 1 - - - - - - -

; write row=7 vid=2 val=0 pol=1
1120 0 1 1 0 0 0 0 0 1 0 0 1 0 0 0 1 0 1 1 1 - - - - - - 0 0 1 1 1 1 0 0 0 0 0 0 1 1 - - - - - - - - - - - - - - - - - - 0 1 1 0 1 0 0 - - - - - - - - - 1 0 0 0 0 - - - - - - - - - - - - - - - 0 0 0 0 0 0 0 0 1 0 0 0 0 0 0 0 - - - - - - -
1145 0 1 1 1 0 0 1 0 1 1 0 1 0 0 0 1 0 1 1 1 - - - - - - 0 0 1 1 1 1 0 0 0 0 0 0 1 1 - - - - - - - - - - - - - - - - - - 0 1 1 0 1 0 0 - - - - - - - - - 1 0 0 0 0 - - - - - - - - - - - - - - - 0 0 0 0 0 0 0 0 1 0 0 0 0 0 0 0 - - - - - - -
1170 0 1 1 1 0 1 1 1 1 1 0 1 0 0 0 1 0 1 1 1 - - - - - - - - - - - - - - - - - - - - - - - - - - - - - - - - - - - - - - - - - - - - - - - - - - - - - - - - - - - - - - - - - - - - - - - - - - 0 0 0 0 0 0 0 0 1 0 0 0 0 0 0 0 - - - - - - -
1195 0 1 1 1 0 0 0 0 1 1 0 1 0 0 0 1 0 1 1 1 - - - - - - 0 0 1 1 1 1 0 0 0 0 0 0 1 1 0 0 - - - - - - - - - - - - - - - - 0 1 1 0 1 0 0 1 - - - - - - - - 1 0 0 0 0 0 0 1 0 0 - - - - - - - - - - 0 0 0 0 0 0 0 0 1 0 0 0 0 0 0 0 - - - - - - -
1220 0 0 0 0 0 0 0 0 0 0 0 0 0 0 0 0 0 0 0 0 - - - - - - 0 0 1 1 1 1 0 0 0 0 0 0 1 1 0 0 - - - - - - - - - - - - - - - - 0 1 1 0 1 0 0 1 - - - - - - - - 1 0 0 0 0 0 0 1 0 0 - - - - - - - - - - 0 0 0 0 0 0 0 0 0 0 0 0 0 0 0 1 - - - - - - -

; write row=8 vid=2 val=x pol=0
1280 0 1 1 0 0 0 0 0 1 0 0 1 0 0 1 0 1 0 0 0 - - - - - - 0 0 1 1 1 1 0 0 0 0 0 0 1 1 0 0 - - - - - - - - - - - - - - - - 0 1 1 0 1 0 0 1 - - - - - - - - 1 0 0 0 0 0 0 1 0 0 - - - - - - - - - - 0 0 0 0 0 0 0 1 0 0 0 0 0 0 0 0 - - - - - - -
1305 0 1 1 1 0 0 1 0 1 1 0 1 0 0 1 0 1 0 0 0 - - - - - - 0 0 1 1 1 1 0 0 0 0 0 0 1 1 0 0 - - - - - - - - - - - - - - - - 0 1 1 0 1 0 0 1 - - - - - - - - 1 0 0 0 0 0 0 1 0 0 - - - - - - - - - - 0 0 0 0 0 0 0 1 0 0 0 0 0 0 0 0 - - - - - - -
1330 0 1 1 1 0 1 1 1 1 1 0 1 0 0 1 0 1 0 0 0 - - - - - - - - - - - - - - - - - - - - - - - - - - - - - - - - - - - - - - - - - - - - - - - - - - - - - - - - - - - - - - - - - - - - - - - - - - 0 0 0 0 0 0 0 1 0 0 0 0 0 0 0 0 - - - - - - -
1355 0 1 1 1 0 0 0 0 1 1 0 1 0 0 1 0 1 0 0 0 - - - - - - 0 0 1 1 1 1 0 0 0 0 0 0 1 1 0 0 0 1 - - - - - - - - - - - - - - 0 1 1 0 1 0 0 1 0 - - - - - - - 1 0 0 0 0 0 0 1 0 0 - - - - - - - - - - 0 0 0 0 0 0 0 1 0 0 0 0 0 0 0 0 - - - - - - -
1380 0 0 0 0 0 0 0 0 0 0 0 0 0 0 0 0 0 0 0 0 - - - - - - 0 0 1 1 1 1 0 0 0 0 0 0 1 1 0 0 0 1 - - - - - - - - - - - - - - 0 1 1 0 1 0 0 1 0 - - - - - - - 1 0 0 0 0 0 0 1 0 0 - - - - - - - - - - 0 0 0 0 0 0 0 0 0 0 0 0 0 0 0 1 - - - - - - -

; write row=9 vid=0 val=1 pol=1
1440 0 1 1 0 0 0 0 0 1 0 0 0 0 1 1 1 1 0 0 1 - - - - - - 0 0 1 1 1 1 0 0 0 0 0 0 1 1 0 0 0 1 - - - - - - - - - - - - - - 0 1 1 0 1 0 0 1 0 - - - - - - - 1 0 0 0 0 0 0 1 0 0 - - - - - - - - - - 0 0 0 0 0 0 1 0 0 0 0 0 0 0 0 0 - - - - - - -
1465 0 1 1 1 0 0 1 0 1 1 0 0 0 1 1 1 1 0 0 1 - - - - - - 0 0 1 1 1 1 0 0 0 0 0 0 1 1 0 0 0 1 - - - - - - - - - - - - - - 0 1 1 0 1 0 0 1 0 - - - - - - - 1 0 0 0 0 0 0 1 0 0 - - - - - - - - - - 0 0 0 0 0 0 1 0 0 0 0 0 0 0 0 0 - - - - - - -
1490 0 1 1 1 0 1 1 1 1 1 0 0 0 1 1 1 1 0 0 1 - - - - - - - - - - - - - - - - - - - - - - - - - - - - - - - - - - - - - - - - - - - - - - - - - - - - - - - - - - - - - - - - - - - - - - - - - - 0 0 0 0 0 0 1 0 0 0 0 0 0 0 0 0 - - - - - - -
1515 0 1 1 1 0 0 0 0 1 1 0 0 0 1 1 1 1 0 0 1 - - - - - - 0 0 1 1 1 1 0 0 0 0 0 0 1 1 0 0 0 1 1 1 - - - - - - - - - - - - 0 1 1 0 1 0 0 1 0 1 - - - - - - 1 0 0 0 0 0 0 1 0 0 - - - - - - - - - - 0 0 0 0 0 0 1 0 0 0 0 0 0 0 0 0 - - - - - - -
1540 0 0 0 0 0 0 0 0 0 0 0 0 0 0 0 0 0 0 0 0 - - - - - - 0 0 1 1 1 1 0 0 0 0 0 0 1 1 0 0 0 1 1 1 - - - - - - - - - - - - 0 1 1 0 1 0 0 1 0 1 - - - - - - 1 0 0 0 0 0 0 1 0 0 - - - - - - - - - - 0 0 0 0 0 0 0 0 0 0 0 0 0 0 0 1 - - - - - - -

; write row=10 vid=4 val=0 pol=0
1600 0 1 1 0 0 0 0 0 1 0 1 0 0 0 0 0 1 0 1 0 - - - - - - 0 0 1 1 1 1 0 0 0 0 0 0 1 1 0 0 0 1 1 1 - - - - - - - - - - - - 0 1 1 0 1 0 0 1 0 1 - - - - - - 1 0 0 0 0 0 0 1 0 0 - - - - - - - - - - 0 0 0 0 0 1 0 0 0 0 0 0 0 0 0 0 - - - - - - -
1625 0 1 1 1 0 0 1 0 1 1 1 0 0 0 0 0 1 0 1 0 - - - - - - 0 0 1 1 1 1 0 0 0 0 0 0 1 1 0 0 0 1 1 1 - - - - - - - - - - - - 0 1 1 0 1 0 0 1 0 1 - - - - - - 1 0 0 0 0 0 0 1 0 0 - - - - - - - - - - 0 0 0 0 0 1 0 0 0 0 0 0 0 0 0 0 - - - - - - -
1650 0 1 1 1 0 1 1 1 1 1 1 0 0 0 0 0 1 0 1 0 - - - - - - - - - - - - - - - - - - - - - - - - - - - - - - - - - - - - - - - - - - - - - - - - - - - - - - - - - - - - - - - - - - - - - - - - - - 0 0 0 0 0 1 0 0 0 0 0 0 0 0 0 0 - - - - - - -
1675 0 1 1 1 0 0 0 0 1 1 1 0 0 0 0 0 1 0 1 0 - - - - - - 0 0 1 1 1 1 0 0 0 0 0 0 1 1 0 0 0 1 1 1 0 0 - - - - - - - - - - 0 1 1 0 1 0 0 1 0 1 0 - - - - - 1 0 0 0 0 0 0 1 0 0 - - - - - - - - - - 0 0 0 0 0 1 0 0 0 0 0 0 0 0 0 0 - - - - - - -
1700 0 0 0 0 0 0 0 0 0 0 0 0 0 0 0 0 0 0 0 0 - - - - - - 0 0 1 1 1 1 0 0 0 0 0 0 1 1 0 0 0 1 1 1 0 0 - - - - - - - - - - 0 1 1 0 1 0 0 1 0 1 0 - - - - - 1 0 0 0 0 0 0 1 0 0 - - - - - - - - - - 0 0 0 0 0 0 0 0 0 0 0 0 0 0 0 1 - - - - - - -

; write row=11 vid=3 val=x pol=0
1760 0 1 1 0 0 0 0 0 1 0 0 1 1 0 1 0 1 0 1 1 - - - - - - 0 0 1 1 1 1 0 0 0 0 0 0 1 1 0 0 0 1 1 1 0 0 - - - - - - - - - - 0 1 1 0 1 0 0 1 0 1 0 - - - - - 1 0 0 0 0 0 0 1 0 0 - - - - - - - - - - 0 0 0 0 1 0 0 0 0 0 0 0 0 0 0 0 - - - - - - -
1785 0 1 1 1 0 0 1 0 1 1 0 1 1 0 1 0 1 0 1 1 - - - - - - 0 0 1 1 1 1 0 0 0 0 0 0 1 1 0 0 0 1 1 1 0 0 - - - - - - - - - - 0 1 1 0 1 0 0 1 0 1 0 - - - - - 1 0 0 0 0 0 0 1 0 0 - - - - - - - - - - 0 0 0 0 1 0 0 0 0 0 0 0 0 0 0 0 - - - - - - -
1810 0 1 1 1 0 1 1 1 1 1 0 1 1 0 1 0 1 0 1 1 - - - - - - - - - - - - - - - - - - - - - - - - - - - - - - - - - - - - - - - - - - - - - - - - - - - - - - - - - - - - - - - - - - - - - - - - - - 0 0 0 0 1 0 0 0 0 0 0 0 0 0 0 0 - - - - - - -
1835 0 1 1 1 0 0 0 0 1 1 0 1 1 0 1 0 1 0 1 1 - - - - - - 0 0 1 1 1 1 0 0 0 0 0 0 1 1 0 0 0 1 1 1 0 0 0 1 - - - - - - - - 0 1 1 0 1 0 0 1 0 1 0 0 - - - - 1 0 0 0 0 0 0 1 0 0 0 0 0 0 0 - - - - - 0 0 0 0 1 0 0 0 0 0 0 0 0 0 0 0 - - - - - - -
1860 0 0 0 0 0 0 0 0 0 0 0 0 0 0 0 0 0 0 0 0 - - - - - - 0 0 1 1 1 1 0 0 0 0 0 0 1 1 0 0 0 1 1 1 0 0 0 1 - - - - - - - - 0 1 1 0 1 0 0 1 0 1 0 0 - - - - 1 0 0 0 0 0 0 1 0 0 0 0 0 0 0 - - - - - 0 0 0 0 0 0 0 0 0 0 0 0 0 0 0 1 - - - - - - -

; write row=12 vid=4 val=1 pol=0
1920 0 1 1 0 0 0 0 0 1 0 1 0 0 1 1 0 1 1 0 0 - - - - - - 0 0 1 1 1 1 0 0 0 0 0 0 1 1 0 0 0 1 1 1 0 0 0 1 - - - - - - - - 0 1 1 0 1 0 0 1 0 1 0 0 - - - - 1 0 0 0 0 0 0 1 0 0 0 0 0 0 0 - - - - - 0 0 0 1 0 0 0 0 0 0 0 0 0 0 0 0 - - - - - - -
1945 0 1 1 1 0 0 1 0 1 1 1 0 0 1 1 0 1 1 0 0 - - - - - - 0 0 1 1 1 1 0 0 0 0 0 0 1 1 0 0 0 1 1 1 0 0 0 1 - - - - - - - - 0 1 1 0 1 0 0 1 0 1 0 0 - - - - 1 0 0 0 0 0 0 1 0 0 0 0 0 0 0 - - - - - 0 0 0 1 0 0 0 0 0 0 0 0 0 0 0 0 - - - - - - -
1970 0 1 1 1 0 1 1 1 1 1 1 0 0 1 1 0 1 1 0 0 - - - - - - - - - - - - - - - - - - - - - - - - - - - - - - - - - - - - - - - - - - - - - - - - - - - - - - - - - - - - - - - - - - - - - - - - - - 0 0 0 1 0 0 0 0 0 0 0 0 0 0 0 0 - - - - - - -
1995 0 1 1 1 0 0 0 0 1 1 1 0 0 1 1 0 1 1 0 0 - - - - - - 0 0 1 1 1 1 0 0 0 0 0 0 1 1 0 0 0 1 1 1 0 0 0 1 1 1 - - - - - - 0 1 1 0 1 0 0 1 0 1 0 0 0 - - - 1 0 0 0 0 0 0 1 0 0 0 0 0 0 0 - - - - - 0 0 0 1 0 0 0 0 0 0 0 0 0 0 0 0 - - - - - - -
2020 0 0 0 0 0 0 0 0 0 0 0 0 0 0 0 0 0 0 0 0 - - - - - - 0 0 1 1 1 1 0 0 0 0 0 0 1 1 0 0 0 1 1 1 0 0 0 1 1 1 - - - - - - 0 1 1 0 1 0 0 1 0 1 0 0 0 - - - 1 0 0 0 0 0 0 1 0 0 0 0 0 0 0 - - - - - 0 0 0 0 0 0 0 0 0 0 0 0 0 0 0 1 - - - - - - -

; write row=13 vid=3 val=1 pol=1
2080 0 1 1 0 0 0 0 0 1 0 0 1 1 1 1 1 1 1 0 1 - - - - - - 0 0 1 1 1 1 0 0 0 0 0 0 1 1 0 0 0 1 1 1 0 0 0 1 1 1 - - - - - - 0 1 1 0 1 0 0 1 0 1 0 0 0 - - - 1 0 0 0 0 0 0 1 0 0 0 0 0 0 0 - - - - - 0 0 1 0 0 0 0 0 0 0 0 0 0 0 0 0 - - - - - - -
2105 0 1 1 1 0 0 1 0 1 1 0 1 1 1 1 1 1 1 0 1 - - - - - - 0 0 1 1 1 1 0 0 0 0 0 0 1 1 0 0 0 1 1 1 0 0 0 1 1 1 - - - - - - 0 1 1 0 1 0 0 1 0 1 0 0 0 - - - 1 0 0 0 0 0 0 1 0 0 0 0 0 0 0 - - - - - 0 0 1 0 0 0 0 0 0 0 0 0 0 0 0 0 - - - - - - -
2130 0 1 1 1 0 1 1 1 1 1 0 1 1 1 1 1 1 1 0 1 - - - - - - - - - - - - - - - - - - - - - - - - - - - - - - - - - - - - - - - - - - - - - - - - - - - - - - - - - - - - - - - - - - - - - - - - - - 0 0 1 0 0 0 0 0 0 0 0 0 0 0 0 0 - - - - - - -
2155 0 1 1 1 0 0 0 0 1 1 0 1 1 1 1 1 1 1 0 1 - - - - - - 0 0 1 1 1 1 0 0 0 0 0 0 1 1 0 0 0 1 1 1 0 0 0 1 1 1 1 1 - - - - 0 1 1 0 1 0 0 1 0 1 0 0 0 1 - - 1 0 0 0 0 0 0 1 0 0 0 0 0 0 0 - - - - - 0 0 1 0 0 0 0 0 0 0 0 0 0 0 0 0 - - - - - - -
2180 0 0 0 0 0 0 0 0 0 0 0 0 0 0 0 0 0 0 0 0 - - - - - - 0 0 1 1 1 1 0 0 0 0 0 0 1 1 0 0 0 1 1 1 0 0 0 1 1 1 1 1 - - - - 0 1 1 0 1 0 0 1 0 1 0 0 0 1 - - 1 0 0 0 0 0 0 1 0 0 0 0 0 0 0 - - - - - 0 0 0 0 0 0 0 0 0 0 0 0 0 0 0 1 - - - - - - -

; write row=14 vid=0 val=0 pol=0
2240 0 1 1 0 0 0 0 0 1 0 0 0 0 0 0 0 1 1 1 0 - - - - - - 0 0 1 1 1 1 0 0 0 0 0 0 1 1 0 0 0 1 1 1 0 0 0 1 1 1 1 1 - - - - 0 1 1 0 1 0 0 1 0 1 0 0 0 1 - - 1 0 0 0 0 0 0 1 0 0 0 0 0 0 0 - - - - - 0 1 0 0 0 0 0 0 0 0 0 0 0 0 0 0 - - - - - - -
2265 0 1 1 1 0 0 1 0 1 1 0 0 0 0 0 0 1 1 1 0 - - - - - - 0 0 1 1 1 1 0 0 0 0 0 0 1 1 0 0 0 1 1 1 0 0 0 1 1 1 1 1 - - - - 0 1 1 0 1 0 0 1 0 1 0 0 0 1 - - 1 0 0 0 0 0 0 1 0 0 0 0 0 0 0 - - - - - 0 1 0 0 0 0 0 0 0 0 0 0 0 0 0 0 - - - - - - -
2290 0 1 1 1 0 1 1 1 1 1 0 0 0 0 0 0 1 1 1 0 - - - - - - - - - - - - - - - - - - - - - - - - - - - - - - - - - - - - - - - - - - - - - - - - - - - - - - - - - - - - - - - - - - - - - - - - - - 0 1 0 0 0 0 0 0 0 0 0 0 0 0 0 0 - - - - - - -
2315 0 1 1 1 0 0 0 0 1 1 0 0 0 0 0 0 1 1 1 0 - - - - - - 0 0 1 1 1 1 0 0 0 0 0 0 1 1 0 0 0 1 1 1 0 0 0 1 1 1 1 1 0 0 - - 0 1 1 0 1 0 0 1 0 1 0 0 0 1 0 - 1 0 0 0 0 0 0 1 0 0 0 0 0 0 0 - - - - - 0 1 0 0 0 0 0 0 0 0 0 0 0 0 0 0 - - - - - - -
2340 0 0 0 0 0 0 0 0 0 0 0 0 0 0 0 0 0 0 0 0 - - - - - - 0 0 1 1 1 1 0 0 0 0 0 0 1 1 0 0 0 1 1 1 0 0 0 1 1 1 1 1 0 0 - - 0 1 1 0 1 0 0 1 0 1 0 0 0 1 0 - 1 0 0 0 0 0 0 1 0 0 0 0 0 0 0 - - - - - 0 0 0 0 0 0 0 0 0 0 0 0 0 0 0 1 - - - - - - -

; write row=15 vid=6 val=0 pol=0
2400 0 1 1 0 0 0 0 0 1 0 1 1 0 0 0 0 1 1 1 1 - - - - - - 0 0 1 1 1 1 0 0 0 0 0 0 1 1 0 0 0 1 1 1 0 0 0 1 1 1 1 1 0 0 - - 0 1 1 0 1 0 0 1 0 1 0 0 0 1 0 - 1 0 0 0 0 0 0 1 0 0 0 0 0 0 0 - - - - - 1 0 0 0 0 0 0 0 0 0 0 0 0 0 0 0 - - - - - - -
2425 0 1 1 1 0 0 1 0 1 1 1 1 0 0 0 0 1 1 1 1 - - - - - - 0 0 1 1 1 1 0 0 0 0 0 0 1 1 0 0 0 1 1 1 0 0 0 1 1 1 1 1 0 0 - - 0 1 1 0 1 0 0 1 0 1 0 0 0 1 0 - 1 0 0 0 0 0 0 1 0 0 0 0 0 0 0 - - - - - 1 0 0 0 0 0 0 0 0 0 0 0 0 0 0 0 - - - - - - -
2450 0 1 1 1 0 1 1 1 1 1 1 1 0 0 0 0 1 1 1 1 - - - - - - - - - - - - - - - - - - - - - - - - - - - - - - - - - - - - - - - - - - - - - - - - - - - - - - - - - - - - - - - - - - - - - - - - - - 1 0 0 0 0 0 0 0 0 0 0 0 0 0 0 0 - - - - - - -
2475 0 1 1 1 0 0 0 0 1 1 1 1 0 0 0 0 1 1 1 1 - - - - - - 0 0 1 1 1 1 0 0 0 0 0 0 1 1 0 0 0 1 1 1 0 0 0 1 1 1 1 1 0 0 0 0 0 1 1 0 1 0 0 1 0 1 0 0 0 1 0 0 1 0 0 0 0 0 0 1 0 0 0 0 0 0 0 0 0 1 0 0 1 0 0 0 0 0 0 0 0 0 0 0 0 0 0 0 1 0 0 0 0 0 0
2500 0 0 0 0 0 0 0 0 0 0 0 0 0 0 0 0 0 0 0 0 - - - - - - 0 0 1 1 1 1 0 0 0 0 0 0 1 1 0 0 0 1 1 1 0 0 0 1 1 1 1 1 0 0 0 0 0 1 1 0 1 0 0 1 0 1 0 0 0 1 0 0 1 0 0 0 0 0 0 1 0 0 0 0 0 0 0 0 0 1 0 0 0 0 0 0 0 0 0 0 0 0 0 0 0 0 0 1 1 0 0 0 0 0 0

; search vid=6 val=1
2560 0 1 1 1 1 0 0 0 0 0 1 1 0 1 1 0 0 0 0 0 - - - - - - 0 0 1 1 1 1 0 0 0 0 0 0 1 1 0 0 0 1 1 1 0 0 0 1 1 1 1 1 0 0 0 0 0 1 1 0 1 0 0 1 0 1 0 0 0 1 0 0 1 0 0 0 0 0 0 1 0 0 0 0 0 0 0 0 0 1 0 0 0 0 0 0 0 0 0 0 0 0 0 0 0 0 0 1 1 0 0 0 0 0 0
2585 0 1 0 1 1 0 0 0 0 0 1 1 0 1 1 0 0 0 0 0 - - - - - - 0 0 1 1 1 1 0 0 0 0 0 0 1 1 0 0 0 1 1 1 0 0 0 1 1 1 1 1 0 0 0 0 0 1 1 0 1 0 0 1 0 1 0 0 0 1 0 0 1 0 0 0 0 0 0 1 0 0 0 0 0 0 0 0 0 1 0 0 0 0 0 0 0 0 0 0 0 0 0 0 0 0 0 1 1 0 0 0 0 0 0
2610 0 1 1 1 0 0 1 0 0 1 1 1 0 1 1 0 0 0 0 0 - - - - - - 0 0 1 1 1 1 0 0 0 0 0 0 1 1 0 0 0 1 1 1 0 0 0 1 1 1 1 1 0 0 0 0 0 1 1 0 1 0 0 1 0 1 0 0 0 1 0 0 1 0 0 0 0 0 0 1 0 0 0 0 0 0 0 0 0 1 0 0 0 0 0 0 0 0 0 0 0 0 0 0 0 0 0 1 1 0 0 0 0 0 0
2635 0 1 1 1 0 0 1 1 0 1 1 1 0 1 1 0 0 0 0 0 - - - - - - 1 1 1 1 1 1 0 0 0 0 0 0 1 1 0 0 0 1 1 1 0 0 0 1 1 1 1 1 0 0 1 1 0 1 1 0 1 0 0 1 0 1 0 0 0 1 0 0 0 0 1 0 0 0 0 1 0 0 0 0 0 0 0 0 0 1 0 0 0 0 0 0 0 0 0 0 0 0 0 0 0 0 0 1 0 0 0 0 0 0 0
2660 0 0 0 0 0 0 0 0 0 0 0 0 0 0 0 0 0 0 0 0 - - - - - - 1 1 1 1 1 1 0 0 0 0 0 0 1 1 0 0 0 1 1 1 0 0 0 1 1 1 1 1 0 0 1 1 0 1 1 0 1 0 0 1 0 1 0 0 0 1 0 0 0 0 1 0 0 0 0 1 0 0 0 0 0 0 0 0 0 1 0 0 0 0 0 0 0 0 0 0 0 0 0 0 0 0 0 1 0 0 0 0 0 0 0

; search vid=7 val=1
2720 0 1 1 1 1 0 0 0 0 0 1 1 1 1 1 0 0 0 0 0 - - - - - - 1 1 1 1 1 1 0 0 0 0 0 0 1 1 0 0 0 1 1 1 0 0 0 1 1 1 1 1 0 0 1 1 0 1 1 0 1 0 0 1 0 1 0 0 0 1 0 0 0 0 1 0 0 0 0 1 0 0 0 0 0 0 0 0 0 1 0 0 0 0 0 0 0 0 0 0 0 0 0 0 0 0 0 1 0 0 0 0 0 0 0
2745 0 1 0 1 1 0 0 0 0 0 1 1 1 1 1 0 0 0 0 0 - - - - - - 1 1 1 1 1 1 0 0 0 0 0 0 1 1 0 0 0 1 1 1 0 0 0 1 1 1 1 1 0 0 1 1 0 1 1 0 1 0 0 1 0 1 0 0 0 1 0 0 0 0 1 0 0 0 0 1 0 0 0 0 0 0 0 0 0 1 0 0 0 0 0 0 0 0 0 0 0 0 0 0 0 0 0 1 0 0 0 0 0 0 0
2770 0 1 1 1 0 0 1 0 0 1 1 1 1 1 1 0 0 0 0 0 - - - - - - 1 1 1 1 1 1 0 0 0 0 0 0 1 1 0 0 0 1 1 1 0 0 0 1 1 1 1 1 0 0 1 1 0 1 1 0 1 0 0 1 0 1 0 0 0 1 0 0 0 0 1 0 0 0 0 1 0 0 0 0 0 0 0 0 0 1 0 0 0 0 0 0 0 0 0 0 0 0 0 0 0 0 0 1 0 0 0 0 0 0 0
2795 0 1 1 1 0 0 1 1 0 1 1 1 1 1 1 0 0 0 0 0 - - - - - - 1 1 1 1 1 1 0 0 0 0 0 0 1 1 0 0 0 1 1 1 0 0 0 1 1 1 1 1 0 0 1 1 0 1 1 0 1 0 0 1 0 1 0 0 0 1 0 0 0 0 1 0 0 0 0 1 0 0 0 0 0 0 0 0 0 1 0 0 0 0 0 0 0 0 0 0 0 0 0 0 0 0 0 1 0 0 0 0 0 0 0
2820 0 0 0 0 0 0 0 0 0 0 0 0 0 0 0 0 0 0 0 0 - - - - - - 1 1 1 1 1 1 0 0 0 0 0 0 1 1 0 0 0 1 1 1 0 0 0 1 1 1 1 1 0 0 1 1 0 1 1 0 1 0 0 1 0 1 0 0 0 1 0 0 0 0 1 0 0 0 0 1 0 0 0 0 0 0 0 0 0 1 0 0 0 0 0 0 0 0 0 0 0 0 0 0 0 0 0 1 0 0 0 0 0 0 0

; read row=13
2880 0 1 1 0 0 0 0 0 1 0 0 0 0 0 0 0 1 1 0 1 - - - - - - 1 1 1 1 1 1 0 0 0 0 0 0 1 1 0 0 0 1 1 1 0 0 0 1 1 1 1 1 0 0 1 1 0 1 1 0 1 0 0 1 0 1 0 0 0 1 0 0 0 0 1 0 0 0 0 1 0 0 0 0 0 0 0 0 0 1 0 0 0 0 1 0 0 0 0 0 0 0 0 0 0 0 0 0 0 0 0 0 0 0 0
2905 0 0 1 1 0 0 0 0 1 1 0 0 0 0 0 0 1 1 0 1 - - - - - - 1 1 1 1 1 1 0 0 0 0 0 0 1 1 0 0 0 1 1 1 0 0 0 1 1 1 1 1 0 0 1 1 0 1 1 0 1 0 0 1 0 1 0 0 0 1 0 0 0 0 1 0 0 0 0 1 0 0 0 0 0 0 0 0 0 1 0 0 0 0 1 0 0 0 0 0 0 0 0 0 0 0 0 0 0 0 0 0 0 0 0
2930 0 0 1 1 0 1 0 1 1 1 0 0 0 0 0 0 1 1 0 1 - - - - - - 1 1 1 1 1 1 0 0 0 0 0 0 1 1 0 0 0 1 1 1 0 0 0 1 1 1 1 1 0 0 1 1 0 1 1 0 1 0 0 1 0 1 0 0 0 1 0 0 0 0 1 0 0 0 0 1 0 0 0 0 0 0 0 0 0 1 0 0 0 0 1 0 0 0 0 0 0 0 0 0 0 0 0 0 0 0 0 0 0 0 0
2955 1 1 1 0 0 0 0 0 1 0 0 0 0 0 0 0 1 1 0 1 0 1 1 1 1 1 1 1 1 1 1 1 0 0 0 0 0 0 1 1 0 0 0 1 1 1 0 0 0 1 1 1 1 1 0 0 1 1 0 1 1 0 1 0 0 1 0 1 0 0 0 1 0 0 0 0 1 0 0 0 0 1 0 0 0 0 0 0 0 0 0 1 0 0 0 0 1 0 0 0 0 0 0 0 0 0 0 0 0 0 0 0 0 0 0 0 0
2980 0 0 0 0 0 0 0 0 0 0 0 0 0 0 0 0 0 0 0 0 - - - - - - 1 1 1 1 1 1 0 0 0 0 0 0 1 1 0 0 0 1 1 1 0 0 0 1 1 1 1 1 0 0 1 1 0 1 1 0 1 0 0 1 0 1 0 0 0 1 0 0 0 0 1 0 0 0 0 1 0 0 0 0 0 0 0 0 0 1 0 0 0 0 0 0 0 0 0 0 0 0 0 0 0 0 0 1 0 0 0 0 0 0 0

; read row=4
3040 0 1 1 0 0 0 0 0 1 0 0 0 0 0 0 0 0 1 0 0 - - - - - - 1 1 1 1 1 1 0 0 0 0 0 0 1 1 0 0 0 1 1 1 0 0 0 1 1 1 1 1 0 0 1 1 0 1 1 0 1 0 0 1 0 1 0 0 0 1 0 0 0 0 1 0 0 0 0 1 0 0 0 0 0 0 0 0 0 1 0 0 0 0 0 0 0 0 0 0 0 0 0 1 0 0 0 0 0 0 0 0 0 0 0
3065 0 0 1 1 0 0 0 0 1 1 0 0 0 0 0 0 0 1 0 0 - - - - - - 1 1 1 1 1 1 0 0 0 0 0 0 1 1 0 0 0 1 1 1 0 0 0 1 1 1 1 1 0 0 1 1 0 1 1 0 1 0 0 1 0 1 0 0 0 1 0 0 0 0 1 0 0 0 0 1 0 0 0 0 0 0 0 0 0 1 0 0 0 0 0 0 0 0 0 0 0 0 0 1 0 0 0 0 0 0 0 0 0 0 0
3090 0 0 1 1 0 1 0 1 1 1 0 0 0 0 0 0 0 1 0 0 - - - - - - 1 1 1 1 1 1 0 0 0 0 0 0 1 1 0 0 0 1 1 1 0 0 0 1 1 1 1 1 0 0 1 1 0 1 1 0 1 0 0 1 0 1 0 0 0 1 0 0 0 0 1 0 0 0 0 1 0 0 0 0 0 0 0 0 0 1 0 0 0 0 0 0 0 0 0 0 0 0 0 1 0 0 0 0 0 0 0 0 0 0 0
3115 1 1 1 0 0 0 0 0 1 0 0 0 0 0 0 0 0 1 0 0 0 0 1 0 0 1 1 1 1 1 1 1 0 0 0 0 0 0 1 1 0 0 0 1 1 1 0 0 0 1 1 1 1 1 0 0 1 1 0 1 1 0 1 0 0 1 0 1 0 0 0 1 0 0 0 0 1 0 0 0 0 1 0 0 0 0 0 0 0 0 0 1 0 0 0 0 0 0 0 0 0 0 0 0 0 1 0 0 0 0 0 0 0 0 0 0 0
3140 0 0 0 0 0 0 0 0 0 0 0 0 0 0 0 0 0 0 0 0 - - - - - - 1 1 1 1 1 1 0 0 0 0 0 0 1 1 0 0 0 1 1 1 0 0 0 1 1 1 1 1 0 0 1 1 0 1 1 0 1 0 0 1 0 1 0 0 0 1 0 0 0 0 1 0 0 0 0 1 0 0 0 0 0 0 0 0 0 1 0 0 0 0 0 0 0 0 0 0 0 0 0 0 0 0 0 1 0 0 0 0 0 0 0

; read row=12
3200 0 1 1 0 0 0 0 0 1 0 0 0 0 0 0 0 1 1 0 0 - - - - - - 1 1 1 1 1 1 0 0 0 0 0 0 1 1 0 0 0 1 1 1 0 0 0 1 1 1 1 1 0 0 1 1 0 1 1 0 1 0 0 1 0 1 0 0 0 1 0 0 0 0 1 0 0 0 0 1 0 0 0 0 0 0 0 0 0 1 0 0 0 0 0 1 0 0 0 0 0 0 0 0 0 0 0 0 0 0 0 0 0 0 0
3225 0 0 1 1 0 0 0 0 1 1 0 0 0 0 0 0 1 1 0 0 - - - - - - 1 1 1 1 1 1 0 0 0 0 0 0 1 1 0 0 0 1 1 1 0 0 0 1 1 1 1 1 0 0 1 1 0 1 1 0 1 0 0 1 0 1 0 0 0 1 0 0 0 0 1 0 0 0 0 1 0 0 0 0 0 0 0 0 0 1 0 0 0 0 0 1 0 0 0 0 0 0 0 0 0 0 0 0 0 0 0 0 0 0 0
3250 0 0 1 1 0 1 0 1 1 1 0 0 0 0 0 0 1 1 0 0 - - - - - - 1 1 1 1 1 1 0 0 0 0 0 0 1 1 0 0 0 1 1 1 0 0 0 1 1 1 1 1 0 0 1 1 0 1 1 0 1 0 0 1 0 1 0 0 0 1 0 0 0 0 1 0 0 0 0 1 0 0 0 0 0 0 0 0 0 1 0 0 0 0 0 1 0 0 0 0 0 0 0 0 0 0 0 0 0 0 0 0 0 0 0
3275 1 1 1 0 0 0 0 0 1 0 0 0 0 0 0 0 1 1 0 0 1 0 0 1 1 0 1 1 1 1 1 1 0 0 0 0 0 0 1 1 0 0 0 1 1 1 0 0 0 1 1 1 1 1 0 0 1 1 0 1 1 0 1 0 0 1 0 1 0 0 0 1 0 0 0 0 1 0 0 0 0 1 0 0 0 0 0 0 0 0 0 1 0 0 0 0 0 1 0 0 0 0 0 0 0 0 0 0 0 0 0 0 0 0 0 0 0
3300 0 0 0 0 0 0 0 0 0 0 0 0 0 0 0 0 0 0 0 0 - - - - - - 1 1 1 1 1 1 0 0 0 0 0 0 1 1 0 0 0 1 1 1 0 0 0 1 1 1 1 1 0 0 1 1 0 1 1 0 1 0 0 1 0 1 0 0 0 1 0 0 0 0 1 0 0 0 0 1 0 0 0 0 0 0 0 0 0 1 0 0 0 0 0 0 0 0 0 0 0 0 0 0 0 0 0 1 0 0 0 0 0 0 0

; read row=7
3360 0 1 1 0 0 0 0 0 1 0 0 0 0 0 0 0 0 1 1 1 - - - - - - 1 1 1 1 1 1 0 0 0 0 0 0 1 1 0 0 0 1 1 1 0 0 0 1 1 1 1 1 0 0 1 1 0 1 1 0 1 0 0 1 0 1 0 0 0 1 0 0 0 0 1 0 0 0 0 1 0 0 0 0 0 0 0 0 0 1 0 0 0 0 0 0 0 0 0 0 1 0 0 0 0 0 0 0 0 0 0 0 0 0 0
3385 0 0 1 1 0 0 0 0 1 1 0 0 0 0 0 0 0 1 1 1 - - - - - - 1 1 1 1 1 1 0 0 0 0 0 0 1 1 0 0 0 1 1 1 0 0 0 1 1 1 1 1 0 0 1 1 0 1 1 0 1 0 0 1 0 1 0 0 0 1 0 0 0 0 1 0 0 0 0 1 0 0 0 0 0 0 0 0 0 1 0 0 0 0 0 0 0 0 0 0 1 0 0 0 0 0 0 0 0 0 0 0 0 0 0
3410 0 0 1 1 0 1 0 1 1 1 0 0 0 0 0 0 0 1 1 1 - - - - - - 1 1 1 1 1 1 0 0 0 0 0 0 1 1 0 0 0 1 1 1 0 0 0 1 1 1 1 1 0 0 1 1 0 1 1 0 1 0 0 1 0 1 0 0 0 1 0 0 0 0 1 0 0 0 0 1 0 0 0 0 0 0 0 0 0 1 0 0 0 0 0 0 0 0 0 0 1 0 0 0 0 0 0 0 0 0 0 0 0 0 0
3435 1 1 1 0 0 0 0 0 1 0 0 0 0 0 0 0 0 1 1 1 0 1 0 0 0 1 1 1 1 1 1 1 0 0 0 0 0 0 1 1 0 0 0 1 1 1 0 0 0 1 1 1 1 1 0 0 1 1 0 1 1 0 1 0 0 1 0 1 0 0 0 1 0 0 0 0 1 0 0 0 0 1 0 0 0 0 0 0 0 0 0 1 0 0 0 0 0 0 0 0 0 0 1 0 0 0 0 0 0 0 0 0 0 0 0 0 0
3460 0 0 0 0 0 0 0 0 0 0 0 0 0 0 0 0 0 0 0 0 - - - - - - 1 1 1 1 1 1 0 0 0 0 0 0 1 1 0 0 0 1 1 1 0 0 0 1 1 1 1 1 0 0 1 1 0 1 1 0 1 0 0 1 0 1 0 0 0 1 0 0 0 0 1 0 0 0 0 1 0 0 0 0 0 0 0 0 0 1 0 0 0 0 0 0 0 0 0 0 0 0 0 0 0 0 0 1 0 0 0 0 0 0 0

; read row=14
3520 0 1 1 0 0 0 0 0 1 0 0 0 0 0 0 0 1 1 1 0 - - - - - - 1 1 1 1 1 1 0 0 0 0 0 0 1 1 0 0 0 1 1 1 0 0 0 1 1 1 1 1 0 0 1 1 0 1 1 0 1 0 0 1 0 1 0 0 0 1 0 0 0 0 1 0 0 0 0 1 0 0 0 0 0 0 0 0 0 1 0 0 0 1 0 0 0 0 0 0 0 0 0 0 0 0 0 0 0 0 0 0 0 0 0
3545 0 0 1 1 0 0 0 0 1 1 0 0 0 0 0 0 1 1 1 0 - - - - - - 1 1 1 1 1 1 0 0 0 0 0 0 1 1 0 0 0 1 1 1 0 0 0 1 1 1 1 1 0 0 1 1 0 1 1 0 1 0 0 1 0 1 0 0 0 1 0 0 0 0 1 0 0 0 0 1 0 0 0 0 0 0 0 0 0 1 0 0 0 1 0 0 0 0 0 0 0 0 0 0 0 0 0 0 0 0 0 0 0 0 0
3570 0 0 1 1 0 1 0 1 1 1 0 0 0 0 0 0 1 1 1 0 - - - - - - 1 1 1 1 1 1 0 0 0 0 0 0 1 1 0 0 0 1 1 1 0 0 0 1 1 1 1 1 0 0 1 1 0 1 1 0 1 0 0 1 0 1 0 0 0 1 0 0 0 0 1 0 0 0 0 1 0 0 0 0 0 0 0 0 0 1 0 0 0 1 0 0 0 0 0 0 0 0 0 0 0 0 0 0 0 0 0 0 0 0 0
3595 1 1 1 0 0 0 0 0 1 0 0 0 0 0 0 0 1 1 1 0 0 0 0 0 0 0 1 1 1 1 1 1 0 0 0 0 0 0 1 1 0 0 0 1 1 1 0 0 0 1 1 1 1 1 0 0 1 1 0 1 1 0 1 0 0 1 0 1 0 0 0 1 0 0 0 0 1 0 0 0 0 1 0 0 0 0 0 0 0 0 0 1 0 0 0 1 0 0 0 0 0 0 0 0 0 0 0 0 0 0 0 0 0 0 0 0 0
3620 0 0 0 0 0 0 0 0 0 0 0 0 0 0 0 0 0 0 0 0 - - - - - - 1 1 1 1 1 1 0 0 0 0 0 0 1 1 0 0 0 1 1 1 0 0 0 1 1 1 1 1 0 0 1 1 0 1 1 0 1 0 0 1 0 1 0 0 0 1 0 0 0 0 1 0 0 0 0 1 0 0 0 0 0 0 0 0 0 1 0 0 0 0 0 0 0 0 0 0 0 0 0 0 0 0 0 1 0 0 0 0 0 0 0

; read row=1
3680 0 1 1 0 0 0 0 0 1 0 0 0 0 0 0 0 0 0 0 1 - - - - - - 1 1 1 1 1 1 0 0 0 0 0 0 1 1 0 0 0 1 1 1 0 0 0 1 1 1 1 1 0 0 1 1 0 1 1 0 1 0 0 1 0 1 0 0 0 1 0 0 0 0 1 0 0 0 0 1 0 0 0 0 0 0 0 0 0 1 0 0 0 0 0 0 0 0 0 0 0 0 0 0 0 0 1 0 0 0 0 0 0 0 0
3705 0 0 1 1 0 0 0 0 1 1 0 0 0 0 0 0 0 0 0 1 - - - - - - 1 1 1 1 1 1 0 0 0 0 0 0 1 1 0 0 0 1 1 1 0 0 0 1 1 1 1 1 0 0 1 1 0 1 1 0 1 0 0 1 0 1 0 0 0 1 0 0 0 0 1 0 0 0 0 1 0 0 0 0 0 0 0 0 0 1 0 0 0 0 0 0 0 0 0 0 0 0 0 0 0 0 1 0 0 0 0 0 0 0 0
3730 0 0 1 1 0 1 0 1 1 1 0 0 0 0 0 0 0 0 0 1 - - - - - - 1 1 1 1 1 1 0 0 0 0 0 0 1 1 0 0 0 1 1 1 0 0 0 1 1 1 1 1 0 0 1 1 0 1 1 0 1 0 0 1 0 1 0 0 0 1 0 0 0 0 1 0 0 0 0 1 0 0 0 0 0 0 0 0 0 1 0 0 0 0 0 0 0 0 0 0 0 0 0 0 0 0 1 0 0 0 0 0 0 0 0
3755 1 1 1 0 0 0 0 0 1 0 0 0 0 0 0 0 0 0 0 1 1 1 1 1 1 1 1 1 1 1 1 1 0 0 0 0 0 0 1 1 0 0 0 1 1 1 0 0 0 1 1 1 1 1 0 0 1 1 0 1 1 0 1 0 0 1 0 1 0 0 0 1 0 0 0 0 1 0 0 0 0 1 0 0 0 0 0 0 0 0 0 1 0 0 0 0 0 0 0 0 0 0 0 0 0 0 0 0 1 0 0 0 0 0 0 0 0
3780 0 0 0 0 0 0 0 0 0 0 0 0 0 0 0 0 0 0 0 0 - - - - - - 1 1 1 1 1 1 0 0 0 0 0 0 1 1 0 0 0 1 1 1 0 0 0 1 1 1 1 1 0 0 1 1 0 1 1 0 1 0 0 1 0 1 0 0 0 1 0 0 0 0 1 0 0 0 0 1 0 0 0 0 0 0 0 0 0 1 0 0 0 0 0 0 0 0 0 0 0 0 0 0 0 0 0 1 0 0 0 0 0 0 0

; read row=6
3840 0 1 1 0 0 0 0 0 1 0 0 0 0 0 0 0 0 1 1 0 - - - - - - 1 1 1 1 1 1 0 0 0 0 0 0 1 1 0 0 0 1 1 1 0 0 0 1 1 1 1 1 0 0 1 1 0 1 1 0 1 0 0 1 0 1 0 0 0 1 0 0 0 0 1 0 0 0 0 1 0 0 0 0 0 0 0 0 0 1 0 0 0 0 0 0 0 0 0 0 0 1 0 0 0 0 0 0 0 0 0 0 0 0 0
3865 0 0 1 1 0 0 0 0 1 1 0 0 0 0 0 0 0 1 1 0 - - - - - - 1 1 1 1 1 1 0 0 0 0 0 0 1 1 0 0 0 1 1 1 0 0 0 1 1 1 1 1 0 0 1 1 0 1 1 0 1 0 0 1 0 1 0 0 0 1 0 0 0 0 1 0 0 0 0 1 0 0 0 0 0 0 0 0 0 1 0 0 0 0 0 0 0 0 0 0 0 1 0 0 0 0 0 0 0 0 0 0 0 0 0
3890 0 0 1 1 0 1 0 1 1 1 0 0 0 0 0 0 0 1 1 0 - - - - - - 1 1 1 1 1 1 0 0 0 0 0 0 1 1 0 0 0 1 1 1 0 0 0 1 1 1 1 1 0 0 1 1 0 1 1 0 1 0 0 1 0 1 0 0 0 1 0 0 0 0 1 0 0 0 0 1 0 0 0 0 0 0 0 0 0 1 0 0 0 0 0 0 0 0 0 0 0 1 0 0 0 0 0 0 0 0 0 0 0 0 0
3915 1 1 1 0 0 0 0 0 1 0 0 0 0 0 0 0 0 1 1 0 1 0 0 1 1 0 1 1 1 1 1 1 0 0 0 0 0 0 1 1 0 0 0 1 1 1 0 0 0 1 1 1 1 1 0 0 1 1 0 1 1 0 1 0 0 1 0 1 0 0 0 1 0 0 0 0 1 0 0 0 0 1 0 0 0 0 0 0 0 0 0 1 0 0 0 0 0 0 0 0 0 0 0 1 0 0 0 0 0 0 0 0 0 0 0 0 0
3940 0 0 0 0 0 0 0 0 0 0 0 0 0 0 0 0 0 0 0 0 - - - - - - 1 1 1 1 1 1 0 0 0 0 0 0 1 1 0 0 0 1 1 1 0 0 0 1 1 1 1 1 0 0 1 1 0 1 1 0 1 0 0 1 0 1 0 0 0 1 0 0 0 0 1 0 0 0 0 1 0 0 0 0 0 0 0 0 0 1 0 0 0 0 0 0 0 0 0 0 0 0 0 0 0 0 0 1 0 0 0 0 0 0 0

; read row=3
4000 0 1 1 0 0 0 0 0 1 0 0 0 0 0 0 0 0 0 1 1 - - - - - - 1 1 1 1 1 1 0 0 0 0 0 0 1 1 0 0 0 1 1 1 0 0 0 1 1 1 1 1 0 0 1 1 0 1 1 0 1 0 0 1 0 1 0 0 0 1 0 0 0 0 1 0 0 0 0 1 0 0 0 0 0 0 0 0 0 1 0 0 0 0 0 0 0 0 0 0 0 0 0 0 1 0 0 0 0 0 0 0 0 0 0
4025 0 0 1 1 0 0 0 0 1 1 0 0 0 0 0 0 0 0 1 1 - - - - - - 1 1 1 1 1 1 0 0 0 0 0 0 1 1 0 0 0 1 1 1 0 0 0 1 1 1 1 1 0 0 1 1 0 1 1 0 1 0 0 1 0 1 0 0 0 1 0 0 0 0 1 0 0 0 0 1 0 0 0 0 0 0 0 0 0 1 0 0 0 0 0 0 0 0 0 0 0 0 0 0 1 0 0 0 0 0 0 0 0 0 0
4050 0 0 1 1 0 1 0 1 1 1 0 0 0 0 0 0 0 0 1 1 - - - - - - 1 1 1 1 1 1 0 0 0 0 0 0 1 1 0 0 0 1 1 1 0 0 0 1 1 1 1 1 0 0 1 1 0 1 1 0 1 0 0 1 0 1 0 0 0 1 0 0 0 0 1 0 0 0 0 1 0 0 0 0 0 0 0 0 0 1 0 0 0 0 0 0 0 0 0 0 0 0 0 0 1 0 0 0 0 0 0 0 0 0 0
4075 1 1 1 0 0 0 0 0 1 0 0 0 0 0 0 0 0 0 1 1 0 1 1 0 0 0 1 1 1 1 1 1 0 0 0 0 0 0 1 1 0 0 0 1 1 1 0 0 0 1 1 1 1 1 0 0 1 1 0 1 1 0 1 0 0 1 0 1 0 0 0 1 0 0 0 0 1 0 0 0 0 1 0 0 0 0 0 0 0 0 0 1 0 0 0 0 0 0 0 0 0 0 0 0 0 0 1 0 0 0 0 0 0 0 0 0 0
4100 0 0 0 0 0 0 0 0 0 0 0 0 0 0 0 0 0 0 0 0 - - - - - - 1 1 1 1 1 1 0 0 0 0 0 0 1 1 0 0 0 1 1 1 0 0 0 1 1 1 1 1 0 0 1 1 0 1 1 0 1 0 0 1 0 1 0 0 0 1 0 0 0 0 1 0 0 0 0 1 0 0 0 0 0 0 0 0 0 1 0 0 0 0 0 0 0 0 0 0 0 0 0 0 0 0 0 1 0 0 0 0 0 0 0

; read row=15
4160 0 1 1 0 0 0 0 0 1 0 0 0 0 0 0 0 1 1 1 1 - - - - - - 1 1 1 1 1 1 0 0 0 0 0 0 1 1 0 0 0 1 1 1 0 0 0 1 1 1 1 1 0 0 1 1 0 1 1 0 1 0 0 1 0 1 0 0 0 1 0 0 0 0 1 0 0 0 0 1 0 0 0 0 0 0 0 0 0 1 0 0 1 0 0 0 0 0 0 0 0 0 0 0 0 0 0 0 0 0 0 0 0 0 0
4185 0 0 1 1 0 0 0 0 1 1 0 0 0 0 0 0 1 1 1 1 - - - - - - 1 1 1 1 1 1 0 0 0 0 0 0 1 1 0 0 0 1 1 1 0 0 0 1 1 1 1 1 0 0 1 1 0 1 1 0 1 0 0 1 0 1 0 0 0 1 0 0 0 0 1 0 0 0 0 1 0 0 0 0 0 0 0 0 0 1 0 0 1 0 0 0 0 0 0 0 0 0 0 0 0 0 0 0 0 0 0 0 0 0 0
4210 0 0 1 1 0 1 0 1 1 1 0 0 0 0 0 0 1 1 1 1 - - - - - - 1 1 1 1 1 1 0 0 0 0 0 0 1 1 0 0 0 1 1 1 0 0 0 1 1 1 1 1 0 0 1 1 0 1 1 0 1 0 0 1 0 1 0 0 0 1 0 0 0 0 1 0 0 0 0 1 0 0 0 0 0 0 0 0 0 1 0 0 1 0 0 0 0 0 0 0 0 0 0 0 0 0 0 0 0 0 0 0 0 0 0
4235 1 1 1 0 0 0 0 0 1 0 0 0 0 0 0 0 1 1 1 1 1 1 0 1 1 0 1 1 1 1 1 1 0 0 0 0 0 0 1 1 0 0 0 1 1 1 0 0 0 1 1 1 1 1 0 0 1 1 0 1 1 0 1 0 0 1 0 1 0 0 0 1 0 0 0 0 1 0 0 0 0 1 0 0 0 0 0 0 0 0 0 1 0 0 1 0 0 0 0 0 0 0 0 0 0 0 0 0 0 0 0 0 0 0 0 0 0
4260 0 0 0 0 0 0 0 0 0 0 0 0 0 0 0 0 0 0 0 0 - - - - - - 1 1 1 1 1 1 0 0 0 0 0 0 1 1 0 0 0 1 1 1 0 0 0 1 1 1 1 1 0 0 1 1 0 1 1 0 1 0 0 1 0 1 0 0 0 1 0 0 0 0 1 0 0 0 0 1 0 0 0 0 0 0 0 0 0 1 0 0 0 0 0 0 0 0 0 0 0 0 0 0 0 0 0 1 0 0 0 0 0 0 0

; read row=5
4320 0 1 1 0 0 0 0 0 1 0 0 0 0 0 0 0 0 1 0 1 - - - - - - 1 1 1 1 1 1 0 0 0 0 0 0 1 1 0 0 0 1 1 1 0 0 0 1 1 1 1 1 0 0 1 1 0 1 1 0 1 0 0 1 0 1 0 0 0 1 0 0 0 0 1 0 0 0 0 1 0 0 0 0 0 0 0 0 0 1 0 0 0 0 0 0 0 0 0 0 0 0 1 0 0 0 0 0 0 0 0 0 0 0 0
4345 0 0 1 1 0 0 0 0 1 1 0 0 0 0 0 0 0 1 0 1 - - - - - - 1 1 1 1 1 1 0 0 0 0 0 0 1 1 0 0 0 1 1 1 0 0 0 1 1 1 1 1 0 0 1 1 0 1 1 0 1 0 0 1 0 1 0 0 0 1 0 0 0 0 1 0 0 0 0 1 0 0 0 0 0 0 0 0 0 1 0 0 0 0 0 0 0 0 0 0 0 0 1 0 0 0 0 0 0 0 0 0 0 0 0
4370 0 0 1 1 0 1 0 1 1 1 0 0 0 0 0 0 0 1 0 1 - - - - - - 1 1 1 1 1 1 0 0 0 0 0 0 1 1 0 0 0 1 1 1 0 0 0 1 1 1 1 1 0 0 1 1 0 1 1 0 1 0 0 1 0 1 0 0 0 1 0 0 0 0 1 0 0 0 0 1 0 0 0 0 0 0 0 0 0 1 0 0 0 0 0 0 0 0 0 0 0 0 1 0 0 0 0 0 0 0 0 0 0 0 0
4395 1 1 1 0 0 0 0 0 1 0 0 0 0 0 0 0 0 1 0 1 1 0 1 0 0 0 1 1 1 1 1 1 0 0 0 0 0 0 1 1 0 0 0 1 1 1 0 0 0 1 1 1 1 1 0 0 1 1 0 1 1 0 1 0 0 1 0 1 0 0 0 1 0 0 0 0 1 0 0 0 0 1 0 0 0 0 0 0 0 0 0 1 0 0 0 0 0 0 0 0 0 0 0 0 1 0 0 0 0 0 0 0 0 0 0 0 0
4420 0 0 0 0 0 0 0 0 0 0 0 0 0 0 0 0 0 0 0 0 - - - - - - 1 1 1 1 1 1 0 0 0 0 0 0 1 1 0 0 0 1 1 1 0 0 0 1 1 1 1 1 0 0 1 1 0 1 1 0 1 0 0 1 0 1 0 0 0 1 0 0 0 0 1 0 0 0 0 1 0 0 0 0 0 0 0 0 0 1 0 0 0 0 0 0 0 0 0 0 0 0 0 0 0 0 0 1 0 0 0 0 0 0 0

; read row=8
4480 0 1 1 0 0 0 0 0 1 0 0 0 0 0 0 0 1 0 0 0 - - - - - - 1 1 1 1 1 1 0 0 0 0 0 0 1 1 0 0 0 1 1 1 0 0 0 1 1 1 1 1 0 0 1 1 0 1 1 0 1 0 0 1 0 1 0 0 0 1 0 0 0 0 1 0 0 0 0 1 0 0 0 0 0 0 0 0 0 1 0 0 0 0 0 0 0 0 0 1 0 0 0 0 0 0 0 0 0 0 0 0 0 0 0
4505 0 0 1 1 0 0 0 0 1 1 0 0 0 0 0 0 1 0 0 0 - - - - - - 1 1 1 1 1 1 0 0 0 0 0 0 1 1 0 0 0 1 1 1 0 0 0 1 1 1 1 1 0 0 1 1 0 1 1 0 1 0 0 1 0 1 0 0 0 1 0 0 0 0 1 0 0 0 0 1 0 0 0 0 0 0 0 0 0 1 0 0 0 0 0 0 0 0 0 1 0 0 0 0 0 0 0 0 0 0 0 0 0 0 0
4530 0 0 1 1 0 1 0 1 1 1 0 0 0 0 0 0 1 0 0 0 - - - - - - 1 1 1 1 1 1 0 0 0 0 0 0 1 1 0 0 0 1 1 1 0 0 0 1 1 1 1 1 0 0 1 1 0 1 1 0 1 0 0 1 0 1 0 0 0 1 0 0 0 0 1 0 0 0 0 1 0 0 0 0 0 0 0 0 0 1 0 0 0 0 0 0 0 0 0 1 0 0 0 0 0 0 0 0 0 0 0 0 0 0 0
4555 1 1 1 0 0 0 0 0 1 0 0 0 0 0 0 0 1 0 0 0 0 1 0 0 1 0 1 1 1 1 1 1 0 0 0 0 0 0 1 1 0 0 0 1 1 1 0 0 0 1 1 1 1 1 0 0 1 1 0 1 1 0 1 0 0 1 0 1 0 0 0 1 0 0 0 0 1 0 0 0 0 1 0 0 0 0 0 0 0 0 0 1 0 0 0 0 0 0 0 0 0 1 0 0 0 0 0 0 0 0 0 0 0 0 0 0 0
4580 0 0 0 0 0 0 0 0 0 0 0 0 0 0 0 0 0 0 0 0 - - - - - - 1 1 1 1 1 1 0 0 0 0 0 0 1 1 0 0 0 1 1 1 0 0 0 1 1 1 1 1 0 0 1 1 0 1 1 0 1 0 0 1 0 1 0 0 0 1 0 0 0 0 1 0 0 0 0 1 0 0 0 0 0 0 0 0 0 1 0 0 0 0 0 0 0 0 0 0 0 0 0 0 0 0 0 1 0 0 0 0 0 0 0

; read row=10
4640 0 1 1 0 0 0 0 0 1 0 0 0 0 0 0 0 1 0 1 0 - - - - - - 1 1 1 1 1 1 0 0 0 0 0 0 1 1 0 0 0 1 1 1 0 0 0 1 1 1 1 1 0 0 1 1 0 1 1 0 1 0 0 1 0 1 0 0 0 1 0 0 0 0 1 0 0 0 0 1 0 0 0 0 0 0 0 0 0 1 0 0 0 0 0 0 0 1 0 0 0 0 0 0 0 0 0 0 0 0 0 0 0 0 0
4665 0 0 1 1 0 0 0 0 1 1 0 0 0 0 0 0 1 0 1 0 - - - - - - 1 1 1 1 1 1 0 0 0 0 0 0 1 1 0 0 0 1 1 1 0 0 0 1 1 1 1 1 0 0 1 1 0 1 1 0 1 0 0 1 0 1 0 0 0 1 0 0 0 0 1 0 0 0 0 1 0 0 0 0 0 0 0 0 0 1 0 0 0 0 0 0 0 1 0 0 0 0 0 0 0 0 0 0 0 0 0 0 0 0 0
4690 0 0 1 1 0 1 0 1 1 1 0 0 0 0 0 0 1 0 1 0 - - - - - - 1 1 1 1 1 1 0 0 0 0 0 0 1 1 0 0 0 1 1 1 0 0 0 1 1 1 1 1 0 0 1 1 0 1 1 0 1 0 0 1 0 1 0 0 0 1 0 0 0 0 1 0 0 0 0 1 0 0 0 0 0 0 0 0 0 1 0 0 0 0 0 0 0 1 0 0 0 0 0 0 0 0 0 0 0 0 0 0 0 0 0
4715 1 1 1 0 0 0 0 0 1 0 0 0 0 0 0 0 1 0 1 0 1 0 0 0 0 0 1 1 1 1 1 1 0 0 0 0 0 0 1 1 0 0 0 1 1 1 0 0 0 1 1 1 1 1 0 0 1 1 0 1 1 0 1 0 0 1 0 1 0 0 0 1 0 0 0 0 1 0 0 0 0 1 0 0 0 0 0 0 0 0 0 1 0 0 0 0 0 0 0 1 0 0 0 0 0 0 0 0 0 0 0 0 0 0 0 0 0
4740 0 0 0 0 0 0 0 0 0 0 0 0 0 0 0 0 0 0 0 0 - - - - - - 1 1 1 1 1 1 0 0 0 0 0 0 1 1 0 0 0 1 1 1 0 0 0 1 1 1 1 1 0 0 1 1 0 1 1 0 1 0 0 1 0 1 0 0 0 1 0 0 0 0 1 0 0 0 0 1 0 0 0 0 0 0 0 0 0 1 0 0 0 0 0 0 0 0 0 0 0 0 0 0 0 0 0 1 0 0 0 0 0 0 0

; read row=11
4800 0 1 1 0 0 0 0 0 1 0 0 0 0 0 0 0 1 0 1 1 - - - - - - 1 1 1 1 1 1 0 0 0 0 0 0 1 1 0 0 0 1 1 1 0 0 0 1 1 1 1 1 0 0 1 1 0 1 1 0 1 0 0 1 0 1 0 0 0 1 0 0 0 0 1 0 0 0 0 1 0 0 0 0 0 0 0 0 0 1 0 0 0 0 0 0 1 0 0 0 0 0 0 0 0 0 0 0 0 0 0 0 0 0 0
4825 0 0 1 1 0 0 0 0 1 1 0 0 0 0 0 0 1 0 1 1 - - - - - - 1 1 1 1 1 1 0 0 0 0 0 0 1 1 0 0 0 1 1 1 0 0 0 1 1 1 1 1 0 0 1 1 0 1 1 0 1 0 0 1 0 1 0 0 0 1 0 0 0 0 1 0 0 0 0 1 0 0 0 0 0 0 0 0 0 1 0 0 0 0 0 0 1 0 0 0 0 0 0 0 0 0 0 0 0 0 0 0 0 0 0
4850 0 0 1 1 0 1 0 1 1 1 0 0 0 0 0 0 1 0 1 1 - - - - - - 1 1 1 1 1 1 0 0 0 0 0 0 1 1 0 0 0 1 1 1 0 0 0 1 1 1 1 1 0 0 1 1 0 1 1 0 1 0 0 1 0 1 0 0 0 1 0 0 0 0 1 0 0 0 0 1 0 0 0 0 0 0 0 0 0 1 0 0 0 0 0 0 1 0 0 0 0 0 0 0 0 0 0 0 0 0 0 0 0 0 0
4875 1 1 1 0 0 0 0 0 1 0 0 0 0 0 0 0 1 0 1 1 0 1 1 0 1 0 1 1 1 1 1 1 0 0 0 0 0 0 1 1 0 0 0 1 1 1 0 0 0 1 1 1 1 1 0 0 1 1 0 1 1 0 1 0 0 1 0 1 0 0 0 1 0 0 0 0 1 0 0 0 0 1 0 0 0 0 0 0 0 0 0 1 0 0 0 0 0 0 1 0 0 0 0 0 0 0 0 0 0 0 0 0 0 0 0 0 0
4900 0 0 0 0 0 0 0 0 0 0 0 0 0 0 0 0 0 0 0 0 - - - - - - 1 1 1 1 1 1 0 0 0 0 0 0 1 1 0 0 0 1 1 1 0 0 0 1 1 1 1 1 0 0 1 1 0 1 1 0 1 0 0 1 0 1 0 0 0 1 0 0 0 0 1 0 0 0 0 1 0 0 0 0 0 0 0 0 0 1 0 0 0 0 0 0 0 0 0 0 0 0 0 0 0 0 0 1 0 0 0 0 0 0 0

; read row=2
4960 0 1 1 0 0 0 0 0 1 0 0 0 0 0 0 0 0 0 1 0 - - - - - - 1 1 1 1 1 1 0 0 0 0 0 0 1 1 0 0 0 1 1 1 0 0 0 1 1 1 1 1 0 0 1 1 0 1 1 0 1 0 0 1 0 1 0 0 0 1 0 0 0 0 1 0 0 0 0 1 0 0 0 0 0 0 0 0 0 1 0 0 0 0 0 0 0 0 0 0 0 0 0 0 0 1 0 0 0 0 0 0 0 0 0
4985 0 0 1 1 0 0 0 0 1 1 0 0 0 0 0 0 0 0 1 0 - - - - - - 1 1 1 1 1 1 0 0 0 0 0 0 1 1 0 0 0 1 1 1 0 0 0 1 1 1 1 1 0 0 1 1 0 1 1 0 1 0 0 1 0 1 0 0 0 1 0 0 0 0 1 0 0 0 0 1 0 0 0 0 0 0 0 0 0 1 0 0 0 0 0 0 0 0 0 0 0 0 0 0 0 1 0 0 0 0 0 0 0 0 0
5010 0 0 1 1 0 1 0 1 1 1 0 0 0 0 0 0 0 0 1 0 - - - - - - 1 1 1 1 1 1 0 0 0 0 0 0 1 1 0 0 0 1 1 1 0 0 0 1 1 1 1 1 0 0 1 1 0 1 1 0 1 0 0 1 0 1 0 0 0 1 0 0 0 0 1 0 0 0 0 1 0 0 0 0 0 0 0 0 0 1 0 0 0 0 0 0 0 0 0 0 0 0 0 0 0 1 0 0 0 0 0 0 0 0 0
5035 1 1 1 0 0 0 0 0 1 0 0 0 0 0 0 0 0 0 1 0 1 0 1 1 1 1 1 1 1 1 1 1 0 0 0 0 0 0 1 1 0 0 0 1 1 1 0 0 0 1 1 1 1 1 0 0 1 1 0 1 1 0 1 0 0 1 0 1 0 0 0 1 0 0 0 0 1 0 0 0 0 1 0 0 0 0 0 0 0 0 0 1 0 0 0 0 0 0 0 0 0 0 0 0 0 0 0 1 0 0 0 0 0 0 0 0 0
5060 0 0 0 0 0 0 0 0 0 0 0 0 0 0 0 0 0 0 0 0 - - - - - - 1 1 1 1 1 1 0 0 0 0 0 0 1 1 0 0 0 1 1 1 0 0 0 1 1 1 1 1 0 0 1 1 0 1 1 0 1 0 0 1 0 1 0 0 0 1 0 0 0 0 1 0 0 0 0 1 0 0 0 0 0 0 0 0 0 1 0 0 0 0 0 0 0 0 0 0 0 0 0 0 0 0 0 1 0 0 0 0 0 0 0

; read row=0
5120 0 1 1 0 0 0 0 0 1 0 0 0 0 0 0 0 0 0 0 0 - - - - - - 1 1 1 1 1 1 0 0 0 0 0 0 1 1 0 0 0 1 1 1 0 0 0 1 1 1 1 1 0 0 1 1 0 1 1 0 1 0 0 1 0 1 0 0 0 1 0 0 0 0 1 0 0 0 0 1 0 0 0 0 0 0 0 0 0 1 0 0 0 0 0 0 0 0 0 0 0 0 0 0 0 0 0 1 0 0 0 0 0 0 0
5145 0 0 1 1 0 0 0 0 1 1 0 0 0 0 0 0 0 0 0 0 - - - - - - 1 1 1 1 1 1 0 0 0 0 0 0 1 1 0 0 0 1 1 1 0 0 0 1 1 1 1 1 0 0 1 1 0 1 1 0 1 0 0 1 0 1 0 0 0 1 0 0 0 0 1 0 0 0 0 1 0 0 0 0 0 0 0 0 0 1 0 0 0 0 0 0 0 0 0 0 0 0 0 0 0 0 0 1 0 0 0 0 0 0 0
5170 0 0 1 1 0 1 0 1 1 1 0 0 0 0 0 0 0 0 0 0 - - - - - - 1 1 1 1 1 1 0 0 0 0 0 0 1 1 0 0 0 1 1 1 0 0 0 1 1 1 1 1 0 0 1 1 0 1 1 0 1 0 0 1 0 1 0 0 0 1 0 0 0 0 1 0 0 0 0 1 0 0 0 0 0 0 0 0 0 1 0 0 0 0 0 0 0 0 0 0 0 0 0 0 0 0 0 1 0 0 0 0 0 0 0
5195 1 1 1 0 0 0 0 0 1 0 0 0 0 0 0 0 0 0 0 0 1 1 0 1 1 0 1 1 1 1 1 1 0 0 0 0 0 0 1 1 0 0 0 1 1 1 0 0 0 1 1 1 1 1 0 0 1 1 0 1 1 0 1 0 0 1 0 1 0 0 0 1 0 0 0 0 1 0 0 0 0 1 0 0 0 0 0 0 0 0 0 1 0 0 0 0 0 0 0 0 0 0 0 0 0 0 0 0 0 1 0 0 0 0 0 0 0
5220 0 0 0 0 0 0 0 0 0 0 0 0 0 0 0 0 0 0 0 0 - - - - - - 1 1 1 1 1 1 0 0 0 0 0 0 1 1 0 0 0 1 1 1 0 0 0 1 1 1 1 1 0 0 1 1 0 1 1 0 1 0 0 1 0 1 0 0 0 1 0 0 0 0 1 0 0 0 0 1 0 0 0 0 0 0 0 0 0 1 0 0 0 0 0 0 0 0 0 0 0 0 0 0 0 0 0 1 0 0 0 0 0 0 0

; read row=9
5280 0 1 1 0 0 0 0 0 1 0 0 0 0 0 0 0 1 0 0 1 - - - - - - 1 1 1 1 1 1 0 0 0 0 0 0 1 1 0 0 0 1 1 1 0 0 0 1 1 1 1 1 0 0 1 1 0 1 1 0 1 0 0 1 0 1 0 0 0 1 0 0 0 0 1 0 0 0 0 1 0 0 0 0 0 0 0 0 0 1 0 0 0 0 0 0 0 0 1 0 0 0 0 0 0 0 0 0 0 0 0 0 0 0 0
5305 0 0 1 1 0 0 0 0 1 1 0 0 0 0 0 0 1 0 0 1 - - - - - - 1 1 1 1 1 1 0 0 0 0 0 0 1 1 0 0 0 1 1 1 0 0 0 1 1 1 1 1 0 0 1 1 0 1 1 0 1 0 0 1 0 1 0 0 0 1 0 0 0 0 1 0 0 0 0 1 0 0 0 0 0 0 0 0 0 1 0 0 0 0 0 0 0 0 1 0 0 0 0 0 0 0 0 0 0 0 0 0 0 0 0
5330 0 0 1 1 0 1 0 1 1 1 0 0 0 0 0 0 1 0 0 1 - - - - - - 1 1 1 1 1 1 0 0 0 0 0 0 1 1 0 0 0 1 1 1 0 0 0 1 1 1 1 1 0 0 1 1 0 1 1 0 1 0 0 1 0 1 0 0 0 1 0 0 0 0 1 0 0 0 0 1 0 0 0 0 0 0 0 0 0 1 0 0 0 0 0 0 0 0 1 0 0 0 0 0 0 0 0 0 0 0 0 0 0 0 0
5355 1 1 1 0 0 0 0 0 1 0 0 0 0 0 0 0 1 0 0 1 0 0 0 1 1 1 1 1 1 1 1 1 0 0 0 0 0 0 1 1 0 0 0 1 1 1 0 0 0 1 1 1 1 1 0 0 1 1 0 1 1 0 1 0 0 1 0 1 0 0 0 1 0 0 0 0 1 0 0 0 0 1 0 0 0 0 0 0 0 0 0 1 0 0 0 0 0 0 0 0 1 0 0 0 0 0 0 0 0 0 0 0 0 0 0 0 0
5380 0 0 0 0 0 0 0 0 0 0 0 0 0 0 0 0 0 0 0 0 - - - - - - 1 1 1 1 1 1 0 0 0 0 0 0 1 1 0 0 0 1 1 1 0 0 0 1 1 1 1 1 0 0 1 1 0 1 1 0 1 0 0 1 0 1 0 0 0 1 0 0 0 0 1 0 0 0 0 1 0 0 0 0 0 0 0 0 0 1 0 0 0 0 0 0 0 0 0 0 0 0 0 0 0 0 0 1 0 0 0 0 0 0 0

